arima1 : 0.063697  
str1 : 0.058370  
strx1 : 26.681540  
arimax1 : 0.195568  
str : 0.077470  
str : 0.077470  
strx : 0.138310  
arima1 : 0.063697  0.111806 
arima1 : 0.111806  0.063697 
arimax1 : 0.114708  0.195568 
str1 : 0.119996  0.058370 
strx1 : 0.149369  26.681540 
arimax : 0.104647  
